163
144
144
131
131
165
165
182
182
170
170
154
154
149
149
153
153
153
153
153
153
178
178
170
170
167
167
167
190
190
190
5
5
5
5
5
5
5
5
15
154
198
174
25
25
25
15
32
32
40
52
49
183
218
186
169
174
181
193
194
176
181
168
198
150
161
189
36
112
158
168
191
160
176
199
146
160
171
182
167
165
158
150
157
204
158
210
154
164
189
166
15
15
141
15
154
15
15
240
151
25
15
15
15
15
15
23
15
15
15
214
15
15
15
15
21
22
15
15
15
15
194
15
15
15
15
15
15
15
15
34
19
15
25
15
15
21
144
25
20
15
29
21
15
15
15
15
15
35
15
20
15
15
15
15
186
15
15
15
15
15
15
40
15
46
15
200
15
15
18
15
15
15
20
15
15
187
19
15
15
15
15
23
15
15
15
15
15
15
15
15
57
56
